1777753807576 7.03125 1
1777753811153 20.3125 2
1777753814571 12.890625 3
1777753818011 24.609375 4
1777753821544 19.921875 5
1777753824977 13.28125 6
1777753828370 6.640625 7
1777753831878 5.859375 8
1777753835309 18.75 9
1777753838674 14.0625 10
1777753841976 17.578125 11
1777753845262 12.5 12
1777753848685 22.65625 13
1777753851955 14.453125 14
1777753855227 23.4375 15
1777753858504 21.484375 16
1777753861968 26.953125 17
1777753865366 16.015625 18
1777753868665 23.828125 19
1777753871992 12.890625 20
1777753875344 10.15625 21
1777753878729 16.015625 22
1777753882063 22.65625 23
1777753885362 18.75 24
1777753888661 12.5 25
1777753891894 22.265625 26
1777753895238 21.09375 27
1777753898477 13.671875 28
1777753901788 16.40625 29
1777753905011 14.84375 30
1777753908311 24.609375 31
1777753911792 18.359375 32
1777753915048 28.515625 33
1777753918297 13.28125 34
1777753921677 11.71875 35
1777753925124 17.96875 36
1777753928351 17.1875 37
1777753931697 22.65625 38
1777753934957 16.015625 39
1777753938324 17.96875 40
1777753941655 23.828125 41
1777753944866 27.34375 42
1777753948319 21.875 43
1777753951644 16.015625 44
1777753954940 16.40625 45
1777753958282 16.40625 46
1777753961590 21.875 47
1777753964947 15.625 48
1777753968335 16.015625 49
1777753971805 19.53125 50
1777753975030 14.84375 51
1777753978389 15.234375 52
1777753981796 15.234375 53
1777753985023 19.53125 54
1777753988311 14.0625 55
1777753991539 19.140625 56
1777753994862 22.265625 57
1777753998197 20.703125 58
1777754001468 22.265625 59
1777754004784 27.34375 60
1777754008203 16.796875 61
1777754011481 23.4375 62
1777754014724 25.0 63
1777754018063 21.09375 64
1777754021251 23.046875 65
1777754024578 23.4375 66
1777754028309 26.171875 67
1777754031658 19.53125 68
1777754034979 15.234375 69
1777754038346 13.28125 70
1777754041627 16.015625 71
1777754044843 20.3125 72
1777754048075 19.53125 73
1777754051422 15.625 74
1777754054675 16.796875 75
1777754057995 14.453125 76
1777754061500 14.453125 77
1777754064774 28.515625 78
1777754067960 24.609375 79
1777754071305 24.609375 80
