1777753807558 0.41729386786968387 1
1777753811132 0.41647185637936956 2
1777753814551 0.41385677265144927 3
1777753817991 0.40874738721122517 4
1777753821522 0.41738057973092063 5
1777753824957 0.4087726184499194 6
1777753828346 0.4084778668587668 7
1777753831859 0.41010405933647825 8
1777753835290 0.4058807119291428 9
1777753838653 0.4092830273143032 10
1777753841954 0.4064553202244273 11
1777753845242 0.40779059811642293 12
1777753848664 0.40350014145611324 13
1777753851934 0.40840272945270206 14
1777753855207 0.4116385380427043 15
1777753858482 0.40199058027992474 16
1777753861921 0.3997196509824162 17
1777753865345 0.4055070535481325 18
1777753868644 0.39596838700143916 19
1777753871971 0.40552992360633716 20
1777753875325 0.39944140395225836 21
1777753878709 0.3946712693275764 22
1777753882041 0.4016927613152398 23
1777753885341 0.3993780529289915 24
1777753888640 0.3976220004042687 25
1777753891872 0.4012913160156785 26
1777753895218 0.396635809837029 27
1777753898456 0.39898796039715145 28
1777753901766 0.40012478549578034 29
1777753904989 0.4008993823625888 30
1777753908290 0.38656286886560987 31
1777753911773 0.41026471999653596 32
1777753915026 0.38759387236589576 33
1777753918272 0.39969285259469906 34
1777753921655 0.41054048315126296 35
1777753925103 0.39923476824286386 36
1777753928329 0.3935433849256638 37
1777753931675 0.3908629821755036 38
1777753934934 0.3845458497778017 39
1777753938300 0.3938547937493575 40
1777753941633 0.3964317576927051 41
1777753944843 0.38855239870952585 42
1777753948297 0.39793610224249765 43
1777753951623 0.3956726022631104 44
1777753954918 0.3897592512487668 45
1777753958258 0.39141496859098734 46
1777753961568 0.3921724934326975 47
1777753964926 0.39656861623128253 48
1777753968310 0.3924403957456176 49
1777753971783 0.38899130570261103 50
1777753975008 0.4010741438782006 51
1777753978369 0.3920542259662472 52
1777753981775 0.38689137690248543 53
1777753984998 0.37285155720180935 54
1777753988288 0.3973742535239772 55
1777753991514 0.3825071394792077 56
1777753994839 0.39552919906482364 57
1777753998175 0.38912997468870286 58
1777754001447 0.39289393271619116 59
1777754004759 0.3872090703562686 60
1777754008178 0.38598678125972635 61
1777754011459 0.39957474198257714 62
1777754014701 0.3910876394015307 63
1777754018040 0.39786521314877515 64
1777754021203 0.390507619980483 65
1777754024556 0.3793199173888268 66
1777754028284 0.3816456244005794 67
1777754031636 0.38531971884052657 68
1777754034956 0.38206669670796534 69
1777754038325 0.386475606271398 70
1777754041606 0.38167303138309056 71
1777754044822 0.3910786011065656 72
1777754048051 0.3746115854609082 73
1777754051388 0.38659606760705423 74
1777754054652 0.3801833112337436 75
1777754057970 0.380567797443323 76
1777754061479 0.38942002831843864 77
1777754064751 0.383359496356451 78
1777754067936 0.381864633476525 79
1777754071280 0.38093613323412445 80
