1778009617479 1.2537091868264334 1
1778009626556 1.2166516661643982 2
1778009634520 1.1704834520816803 3
1778009642101 1.15884827375412 4
1778009649404 1.0597725902284896 5
1778009656694 1.0010062038898468 6
1778009663924 1.0091845657144274 7
1778009671101 1.0115312763622828 8
1778009678202 0.9542667363371168 9
1778009685316 0.93898007443973 10
1778009692404 0.9045396732432501 11
1778009699442 0.9170863534723009 12
1778009706580 0.869513429914202 13
1778009713730 0.863309108359473 14
1778009720824 0.835882904274123 15
1778009727889 0.8585412630013057 16
1778009734921 0.8947574900729316 17
1778009741924 0.8306012630462647 18
1778009749046 0.8103942513465882 19
1778009756334 0.8258375487157277 20
1778009763375 0.7820691892078945 21
1778009770345 0.8296114078589848 22
1778009777380 0.8145898390029158 23
1778009784454 0.7824761416230883 24
1778009791408 0.8846033845629011 25
1778009798528 0.833910928453718 26
1778009805735 0.8105467285428728 27
1778009812841 0.7916779505355017 28
1778009819944 0.8745509428637368 29
1778009826989 0.8100547598940986 30
1778009834115 1.2699961245059967 31
1778009841249 1.1195583420140403 32
1778009848402 1.0651218712329864 33
1778009855686 1.0662191991295134 34
1778009862823 1.0790322133472987 35
1778009869938 1.0097493282386234 36
1778009876980 0.9792330580098288 37
1778009884169 0.9116790307419641 38
1778009891240 1.0103448612349375 39
1778009898430 0.968406070130212 40
1778009905495 0.9812376354421888 41
1778009912763 0.9082156517675944 42
1778009919931 0.8861911109515599 43
1778009926985 0.8782758827720369 44
1778009934185 0.8203991336481912 45
1778009941386 0.8405180130686078 46
1778009948489 0.7900371653693062 47
1778009955864 0.8088898394789015 48
1778009962890 0.8841504228966577 49
1778009970062 0.8561711211289679 50
1778009977125 0.8228479700429099 51
1778009984400 0.808903111730303 52
1778009991849 0.8072637689965112 53
1778009998937 0.7597143986395427 54
1778010006088 0.7875634648970196 55
1778010013193 0.7368100204638073 56
1778010020205 0.7814433078680719 57
1778010027295 0.7231715112924576 58
1778010034424 0.76355505330222 59
1778010041466 0.7599070876836777 60
1778010048617 1.3048459393637521 61
1778010055671 1.2275785054479327 62
1778010062803 1.1826779127120972 63
1778010069940 1.1157996807779584 64
1778010077071 1.073191488640649 65
1778010084108 1.0061521587627276 66
1778010091106 1.0180124691554477 67
1778010098278 0.9789500257798603 68
1778010105394 0.9746029138565063 69
1778010112535 0.9975903025695256 70
1778010119710 0.9815339297056198 71
1778010126805 1.0017966040543147 72
1778010133833 0.9173815889017922 73
1778010140911 0.9498779233012881 74
