1777754075058 0.4159971461658589 1
1777754078356 0.406405904836822 2
1777754081721 0.4084597832975332 3
1777754085056 0.40618032739873516 4
1777754088356 0.40328208187170195 5
1777754091802 0.40561322510591025 6
1777754095167 0.4033566887615717 7
1777754098331 0.3956583794097454 8
1777754101718 0.3991085053884495 9
1777754104960 0.3985094048126399 10
1777754108345 0.39668091835334285 11
1777754111674 0.390301953979403 12
1777754114988 0.3948937738150881 13
1777754118478 0.3967017242085864 14
1777754121933 0.38530490760914765 15
1777754125127 0.38636176488552876 16
1777754128550 0.382992692858155 17
1777754131948 0.3894275573261997 18
1777754135201 0.399657096082007 19
1777754138621 0.39621669855731273 20
1777754141949 0.39206519879792867 21
1777754145346 0.3816372804474412 22
1777754148785 0.3859132932640656 23
1777754152325 0.42351972220236794 24
1777754155635 0.4190410982098496 25
1777754158978 0.41361199763783235 26
1777754162592 0.4064510154445269 27
1777754165818 0.4073840672509712 28
1777754169189 0.40866051988992075 29
1777754172517 0.404474261211373 30
1777754175838 0.4059371446308337 31
1777754179227 0.41088266052000705 32
1777754182540 0.4097223783794202 33
1777754185820 0.4143818149789732 34
1777754189321 0.4080412429675721 35
1777754192571 0.40780919406846255 36
1777754195977 0.4067251800793653 37
1777754199382 0.4046171910581533 38
1777754202610 0.41788980277658205 39
1777754205945 0.4114653088195979 40
1777754209384 0.4076164284644768 41
1777754212757 0.4063384756010178 42
1777754216136 0.4051262314556635 43
1777754219472 0.40764212747763473 44
1777754222792 0.409364056168941 45
1777754226221 0.40438118315579596 46
1777754229430 0.41161544281139706 47
1777754232955 0.4043365556594224 48
1777754236254 0.40535767036571835 49
1777754239584 0.4073284515860485 50
1777754242867 0.40435866793693853 51
1777754246240 0.4071428392365662 52
1777754249431 0.40363343556722003 53
1777754252727 0.4077766833946719 54
1777754255979 0.4063600078660842 55
1777754259233 0.408933539139597 56
1777754262708 0.40840402890367117 57
1777754265978 0.401709128541556 58
1777754269321 0.4056535533994262 59
1777754272712 0.40423753387049627 60
1777754276008 0.39720892209058617 61
1777754279430 0.39965091044442697 62
1777754282974 0.3913216367799636 63
1777754286302 0.40101585959830477 64
1777754289717 0.40505205818087037 65
1777754293085 0.3947785500197383 66
1777754296277 0.3923320867861921 67
1777754299725 0.3890951606962416 68
1777754303061 0.3952249400099816 69
1777754306299 0.4021533741588481 70
1777754309728 0.395732403498644 71
1777754313093 0.39610990446213395 72
1777754316392 0.41216175946575856 73
1777754319848 0.400589696845116 74
1777754323159 0.3918264978810361 75
1777754326509 0.39419843230331153 76
1777754329903 0.38833122713524 77
1777754333256 0.3852262155354372 78
1777754336642 0.3847247222710771 79
1777754340125 0.3827619817521837 80
