1777754075078 18.359375 1
1777754078380 17.578125 2
1777754081739 15.234375 3
1777754085076 19.140625 4
1777754088377 14.0625 5
1777754091824 13.671875 6
1777754095189 18.359375 7
1777754098350 26.953125 8
1777754101736 23.4375 9
1777754104979 14.84375 10
1777754108369 24.609375 11
1777754111695 18.359375 12
1777754115009 13.28125 13
1777754118501 18.75 14
1777754121952 21.09375 15
1777754125148 18.359375 16
1777754128596 13.28125 17
1777754131970 15.625 18
1777754135220 21.875 19
1777754138643 17.1875 20
1777754141968 9.375 21
1777754145366 23.046875 22
1777754148808 20.3125 23
1777754152345 8.203125 24
1777754155656 10.15625 25
1777754159001 7.8125 26
1777754162613 16.015625 27
1777754165839 12.890625 28
1777754169211 12.109375 29
1777754172541 18.75 30
1777754175858 17.96875 31
1777754179268 13.28125 32
1777754182560 11.71875 33
1777754185843 19.140625 34
1777754189342 15.234375 35
1777754192594 8.984375 36
1777754196003 10.15625 37
1777754199403 7.03125 38
1777754202632 9.765625 39
1777754205968 7.8125 40
1777754209407 17.1875 41
1777754212778 20.3125 42
1777754216159 23.046875 43
1777754219494 20.3125 44
1777754222814 25.0 45
1777754226241 16.015625 46
1777754229455 17.1875 47
1777754232975 15.625 48
1777754236278 15.234375 49
1777754239605 16.40625 50
1777754242889 18.75 51
1777754246264 12.109375 52
1777754249454 18.75 53
1777754252751 12.109375 54
1777754256000 10.546875 55
1777754259258 10.15625 56
1777754262734 9.765625 57
1777754266001 13.28125 58
1777754269342 12.890625 59
1777754272732 16.40625 60
1777754276034 24.21875 61
1777754279456 12.109375 62
1777754282996 18.359375 63
1777754286323 13.671875 64
1777754289740 13.671875 65
1777754293107 12.109375 66
1777754296301 13.671875 67
1777754299746 15.625 68
1777754303083 20.3125 69
1777754306320 19.140625 70
1777754309753 13.671875 71
1777754313115 17.96875 72
1777754316414 14.453125 73
1777754319871 15.625 74
1777754323181 15.625 75
1777754326532 16.40625 76
1777754329927 18.359375 77
1777754333280 12.890625 78
1777754336668 16.40625 79
1777754340149 19.53125 80
