1777755719157 12.5 1
1777755734787 12.792397660818713 2
1777755750093 12.865497076023392 3
1777755765478 15.277777777777779 4
1777755781582 15.935672514619883 5
1777755797148 18.055555555555554 6
1777755812890 17.9093567251462 7
1777755828387 18.640350877192983 8
1777755844548 18.201754385964914 9
1777755860034 20.614035087719298 10
1777755875941 19.298245614035086 11
1777755892139 19.298245614035086 12
1777755907815 19.444444444444446 13
1777755923464 20.614035087719298 14
1777755939492 22.076023391812864 15
1777755955689 22.880116959064328 16
1777755971672 22.36842105263158 17
1777755988282 24.415204678362574 18
1777756004177 24.48830409356725 19
1777756020140 25.438596491228072 20
1777756036183 27.266081871345026 21
1777756052278 25.730994152046783 22
1777756069919 27.850877192982455 23
1777756086256 28.581871345029242 24
1777756102034 28.43567251461988 25
1777756118603 29.751461988304094 26
1777756134639 31.798245614035086 27
1777756151164 30.628654970760234 28
1777756167029 33.260233918128655 29
1777756204389 34.50292397660819 30
1777756220334 33.771929824561404 31
1777756236363 32.67543859649123 32
1777756253307 34.13742690058479 33
1777756269759 33.04093567251462 34
1777756286195 34.64912280701755 35
1777756302106 36.18421052631579 36
1777756318488 38.23099415204678 37
1777756335560 38.08479532163743 38
1777756352040 39.83918128654971 39
1777756369878 37.57309941520468 40
1777756386948 39.76608187134503 41
1777756403874 39.546783625730995 42
1777756431397 40.49707602339181 43
1777756449240 38.377192982456144 44
1777756466288 39.546783625730995 45
1777756483298 41.59356725146199 46
1777756509446 41.00877192982456 47
1777756543833 40.35087719298245 48
1777756578375 42.39766081871345 49
1777756612825 44.95614035087719 50
1777756647192 31.725146198830412 51
1777756681807 26.6812865497076 52
1777756716253 20.46783625730994 53
1777756750879 17.324561403508774 54
1777756785378 19.956140350877195 55
1777756820129 17.9093567251462 56
1777756854814 20.175438596491226 57
1777756889505 23.172514619883042 58
1777756916697 22.807017543859647 59
1777756933706 25.07309941520468 60
1777756950443 25.877192982456144 61
1777756967373 23.538011695906434 62
1777756984462 24.049707602339183 63
1777757001184 24.12280701754386 64
1777757018137 26.973684210526315 65
1777757035002 25.950292397660817 66
1777757051993 27.704678362573098 67
1777757068766 28.43567251461988 68
1777757085446 21.271929824561404 69
1777757102504 24.12280701754386 70
1777757119423 24.561403508771928 71
1777757136197 25.292397660818715 72
1777757153215 26.169590643274855 73
1777757170105 27.77777777777778 74
1777757186814 29.45906432748538 75
1777757203608 32.748538011695906 76
1777757220571 29.678362573099413 77
1777757237408 20.029239766081872 78
1777757254182 16.95906432748538 79
1777757270933 18.27485380116959 80
