1777755719135 2.1191640911046523 1
1777755734765 2.07864657201265 2
1777755750074 2.0541242702662594 3
1777755765455 2.038542612254271 4
1777755781561 2.0351980924606323 5
1777755797128 1.9885162861026517 6
1777755812869 2.006640050843445 7
1777755828364 1.987977761971323 8
1777755844527 1.997469689413818 9
1777755860014 1.9446939146309568 10
1777755875922 1.988053169863963 11
1777755892122 1.962817434678998 12
1777755907792 1.9635658619696634 13
1777755923444 1.9902250599442868 14
1777755939473 1.9283809250558328 15
1777755955667 1.9376475580951624 16
1777755971650 1.9279651850984807 17
1777755988244 1.9006051863843239 18
1777756004156 1.8864391707537467 19
1777756020120 1.8435506109605755 20
1777756036162 1.8447113152135883 21
1777756052256 1.8655935992971497 22
1777756069897 1.8004232909944322 23
1777756086232 1.8275994494644523 24
1777756102015 1.807587834826687 25
1777756118580 1.7730378463254337 26
1777756134620 1.7046695459655852 27
1777756151142 1.764580199592992 28
1777756167008 1.6884946119018465 29
1777756204367 1.6871154029466953 30
1777756220313 1.670761329388758 31
1777756236340 1.7061161325688947 32
1777756253286 1.6673884203559475 33
1777756269738 1.7091894170694184 34
1777756286172 1.6719521744209422 35
1777756302085 1.627244884856263 36
1777756318465 1.6028534247164141 37
1777756335537 1.5947447666647838 38
1777756352020 1.5530171077153836 39
1777756369853 1.5969212309658876 40
1777756386925 1.540645304130532 41
1777756403850 1.5498184087680795 42
1777756431372 1.555801098458251 43
1777756449213 1.5999325963488795 44
1777756466264 1.5578702834614537 45
1777756483275 1.5238479794117443 46
1777756509395 1.5415974050237422 47
1777756543783 1.55734624291024 48
1777756578320 1.5059290427213523 49
1777756612774 1.444588998256371 50
1777756647137 1.8071330792722646 51
1777756681756 1.8642424714495565 52
1777756716204 1.9867426289452448 53
1777756750829 2.0124521123038397 54
1777756785326 1.9816290558430187 55
1777756820077 1.9941791205378303 56
1777756854765 1.9452620584365221 57
1777756889454 1.9136005591230782 58
1777756916670 1.9206851762637758 59
1777756933683 1.8845062423170658 60
1777756950417 1.8576442184504012 61
1777756967342 1.904102485082303 62
1777756984436 1.8842911051030744 63
1777757001158 1.8632374360547428 64
1777757018112 1.837767775992901 65
1777757034977 1.8581839430401896 66
1777757051967 1.7898412733747249 67
1777757068737 1.8107468259264852 68
1777757085421 1.9114668299580178 69
1777757102478 1.8892324423929403 70
1777757119395 1.8459830674511648 71
1777757136171 1.8010337624633521 72
1777757153188 1.8500275876786973 73
1777757170080 1.8009358567801135 74
1777757186790 1.782553422172167 75
1777757203585 1.7300468174337644 76
1777757220546 1.7929318780787507 77
1777757237386 1.9850508915750604 78
1777757254155 2.0191868613337913 79
1777757270904 1.995085064430683 80
